Average Price: 457.9218146718147
Median Price: 199.0
Standard Deviation of Price: 760.7213254581112
Variance of Price: 578696.9350067455
Maximum Price: 7999.0
Minimum Price: 14.0
Newest Camera Model: Canon PowerShot A450 (Released on 2007)
Expensive Cameras (Price > 500):
                             Model  Release date  Max resolution  Low resolution  Effective pixels  Zoom wide (W)  Zoom tele (T)  Normal focus range  Macro focus range  Storage included  Weight (inc. batteries)  Dimensions  Price
            Agfa ePhoto CL30 Clik!          1999          1152.0           640.0               0.0           43.0           43.0                50.0                0.0              40.0                    300.0       128.0 1299.0
                     Canon EOS 10D          2003          3072.0          2048.0               6.0            0.0            0.0                 0.0                0.0               0.0                    875.0       150.0 1299.0
                      Canon EOS-1D          2001          2464.0          1232.0               4.0            0.0            0.0                 0.0                0.0               0.0                   1585.0       156.0 4499.0
              Canon EOS-1D Mark II          2004          3504.0          3104.0               8.0            0.0            0.0                 0.0                0.0               0.0                   1565.0       156.0 4499.0
             Canon EOS-1D Mark III          2007          3888.0          3456.0              10.0            0.0            0.0                 0.0                0.0               0.0                   1335.0       156.0 4499.0
            Canon EOS-1D Mark II N          2005          3504.0          3104.0               8.0            0.0            0.0                 0.0                0.0               0.0                   1565.0       156.0 4499.0
                     Canon EOS-1Ds          2002          4064.0          2032.0              11.0            0.0            0.0                 0.0                0.0               0.0                   1585.0       156.0 7999.0
             Canon EOS-1Ds Mark II          2004          4992.0          3600.0              16.0            0.0            0.0                 0.0                0.0               0.0                   1565.0       156.0 7999.0
            Canon EOS-1Ds Mark III          2007          5616.0          4992.0              21.0            0.0            0.0                 0.0                0.0               0.0                   1385.0       150.0 7999.0
                     Canon EOS 20D          2004          3504.0          2544.0               8.0            0.0            0.0                 0.0                0.0               0.0                    770.0       144.0 1299.0
                    Canon EOS 20Da          2005          3504.0          2544.0               8.0            0.0            0.0                 0.0                0.0               0.0                    770.0       144.0 1299.0
    Canon EOS 300D / Digital Rebel          2003          3072.0          2048.0               6.0            0.0            0.0                 0.0                0.0               0.0                    645.0       142.0 1299.0
                     Canon EOS 30D          2006          3504.0          2544.0               8.0            0.0            0.0                 0.0                0.0               0.0                    784.0       144.0 1299.0
 Canon EOS 350D / Digital Rebel XT          2005          3456.0          2496.0               8.0            0.0            0.0                 0.0                0.0               0.0                    540.0       127.0 1299.0
Canon EOS 400D / Digital Rebel XTi          2006          3888.0          2816.0              10.0            0.0            0.0                 0.0                0.0               0.0                    556.0       127.0 1299.0
                     Canon EOS 40D          2007          3888.0          2816.0              10.0            0.0            0.0                 0.0                0.0               0.0                    822.0       146.0 1299.0
                      Canon EOS 5D          2005          4368.0          3168.0              12.0            0.0            0.0                 0.0                0.0               0.0                    895.0       152.0 2499.0
                     Canon EOS D30          2000          2160.0          1440.0               3.0            0.0            0.0                 0.0                0.0              16.0                    855.0       150.0  549.0
                     Canon EOS D60          2002          3072.0          2048.0               6.0            0.0            0.0                 0.0                0.0              16.0                    855.0       150.0  549.0
                  Contax N Digital          2000          3040.0             0.0               6.0            0.0            0.0                 0.0                0.0               0.0                      0.0       152.0  549.0
                Contax TVS Digital          2002          2560.0          1600.0               4.0           35.0          105.0                60.0               15.0               0.0                    260.0       112.0  549.0
                        Epson R-D1          2004          3008.0          2240.0               6.0            0.0            0.0                 0.0                0.0               0.0                    620.0       142.0 4499.0
          Fujifilm FinePix S20 Pro          2004          2832.0          2016.0               6.0           35.0          210.0                50.0                1.0              16.0                    597.0       121.0 1699.0
        Fujifilm FinePix S602Z Pro          2002          2832.0          2048.0               3.0           35.0          210.0                50.0                1.0             340.0                    590.0       121.0 1699.0
           Fujifilm FinePix IS Pro          2007          4256.0          3024.0               6.0            0.0            0.0                 0.0                0.0               0.0                    920.0       147.0 1699.0
           Fujifilm FinePix S1 Pro          2000          3040.0          2340.0               3.0            0.0            0.0                 0.0                0.0              16.0                    820.0       148.0 1699.0
           Fujifilm FinePix S2 Pro          2002          4256.0          3024.0               6.0            0.0            0.0                 0.0                0.0               0.0                    850.0       142.0 1699.0
           Fujifilm FinePix S3 Pro          2004          4256.0          3024.0               6.0            0.0            0.0                 0.0                0.0               0.0                    930.0       148.0 1699.0
           Fujifilm FinePix S5 Pro          2006          4256.0          3024.0               6.0            0.0            0.0                 0.0                0.0               0.0                    920.0       147.0 1699.0
                Kyocera Finecam S3          2001          2048.0          1024.0               3.0           38.0           76.0                30.0                6.0              16.0                    160.0        30.0 1699.0
               Kyocera Finecam S3L          2002          2048.0          1600.0               3.0           35.0          105.0                55.0               12.0              16.0                    205.0        92.0 1699.0
               Kyocera Finecam S3R          2003          2048.0          1600.0               3.0           35.0          105.0                60.0               17.0              16.0                    205.0        92.0 1699.0
               Kyocera Finecam S3x          2002          2048.0          1024.0               3.0           35.0          105.0                55.0               12.0              16.0                    175.0        32.0 1699.0
                Kyocera Finecam S4          2002          2272.0          1280.0               3.0           35.0          105.0                55.0               12.0              16.0                    175.0        32.0 1699.0
                Kyocera Finecam S5          2002          2560.0          1600.0               5.0           35.0          105.0                55.0               12.0              16.0                    205.0        92.0 1699.0
               Kyocera Finecam S5R          2003          2560.0          1600.0               5.0           35.0          105.0                60.0               17.0              16.0                    205.0        92.0 1699.0
                     Leica C-LUX 1          2006          2816.0          2048.0               6.0           28.0          102.0                50.0                5.0              16.0                    155.0        94.0  509.0
                     Leica D-LUX 2          2005          3840.0          3072.0               8.0           28.0          112.0                50.0                5.0              32.0                    220.0       106.0  509.0
                     Leica D-LUX 3          2006          4224.0          3840.0              10.0           28.0          112.0                50.0                5.0              13.0                    220.0       106.0  509.0
                     Leica V-LUX 1          2006          3648.0          3264.0              10.0           35.0          420.0                30.0                5.0              32.0                    734.0       141.0  509.0
                          Nikon D1          1999          2000.0             0.0               2.0            0.0            0.0                 0.0                0.0               0.0                   1200.0       157.0 1599.0
                        Nikon D100          2002          3008.0          2240.0               6.0            0.0            0.0                 0.0                0.0               0.0                    780.0       144.0 1599.0
                         Nikon D1H          2001          2000.0             0.0               2.0            0.0            0.0                 0.0                0.0               0.0                   1200.0       157.0 1599.0
                         Nikon D1X          2001          3008.0          2000.0               5.0            0.0            0.0                 0.0                0.0               0.0                   1200.0       157.0 4699.0
                        Nikon D200          2005          3872.0          2896.0              10.0            0.0            0.0                 0.0                0.0               0.0                    920.0       147.0 1599.0
                         Nikon D2H          2003          2464.0          1840.0               4.0            0.0            0.0                 0.0                0.0               0.0                   1200.0       158.0 1599.0
                        Nikon D2Hs          2005          2464.0          1840.0               4.0            0.0            0.0                 0.0                0.0               0.0                   1200.0       158.0 4699.0
                         Nikon D2X          2004          4288.0          3216.0              12.0            0.0            0.0                 0.0                0.0               0.0                   1200.0       158.0 4699.0
                        Nikon D2Xs          2006          4288.0          3216.0              12.0            0.0            0.0                 0.0                0.0               0.0                   1200.0       158.0 4699.0
                          Nikon D3          2007          4256.0          3184.0              12.0            0.0            0.0                 0.0                0.0               0.0                   1300.0       160.0 4999.0
                        Nikon D300          2007          4288.0          3216.0              12.0            0.0            0.0                 0.0                0.0               0.0                    925.0       147.0 1799.0
                         Nikon D40          2006          3008.0          2256.0               6.0            0.0            0.0                 0.0                0.0               0.0                    522.0       124.0  549.0
                        Nikon D40X          2007          3872.0          2896.0              10.0            0.0            0.0                 0.0                0.0               0.0                    522.0       124.0  549.0
                         Nikon D50          2005          3008.0          2256.0               6.0            0.0            0.0                 0.0                0.0               0.0                    620.0       133.0 1599.0
                         Nikon D70          2004          3008.0          2240.0               6.0            0.0            0.0                 0.0                0.0               0.0                    679.0       140.0 1599.0
                        Nikon D70s          2005          3008.0          2240.0               6.0            0.0            0.0                 0.0                0.0               0.0                    679.0       140.0 1599.0
                         Nikon D80          2006          3872.0          2896.0              10.0            0.0            0.0                 0.0                0.0               0.0                    668.0       132.0 1199.0
                       Olympus C-1          2001          1280.0           640.0               1.0           35.0           35.0                50.0               10.0               8.0                    190.0       110.0 1699.0
                     Olympus D-370          2001          1280.0          1024.0               1.0           35.0           35.0                60.0               25.0               1.0                    190.0       123.0 1699.0
                     Olympus D-380          2002          1600.0          1024.0               1.0           35.0           35.0                60.0               25.0               8.0                    250.0       123.0 1699.0
                    Olympus D-150Z          2001          1280.0           640.0               1.0           38.0          114.0                50.0               20.0               8.0                    190.0       110.0 1699.0
                       Olympus C-2          2001          1600.0          1024.0               1.0           36.0           36.0                50.0               10.0              16.0                    220.0       110.0 1699.0
                      Olympus C-21          1999          1600.0          1024.0               1.0           38.0           38.0                60.0               15.0               8.0                    190.0       107.0 1699.0
               Olympus C-3000 Zoom          2000          2048.0          1600.0               3.0           32.0           96.0                80.0               20.0               8.0                    380.0       109.0 1699.0
                Olympus C-300 Zoom          2002          1984.0          1600.0               3.0           36.0          100.0                80.0               20.0              16.0                    300.0       118.0 1699.0
               Olympus C-3020 Zoom          2001          2048.0          1600.0               3.0           32.0           96.0                80.0               20.0               8.0                    380.0       109.0 1699.0
               Olympus C-3030 Zoom          2000          2048.0          1600.0               3.0           32.0           96.0                80.0               20.0              16.0                    380.0       109.0 1699.0
               Olympus C-3040 Zoom          2000          2048.0          1600.0               3.0           35.0          105.0                80.0               20.0              16.0                    420.0       109.0 1699.0
                 Olympus D-40 Zoom          2001          2272.0          2048.0               3.0           35.0           98.0                80.0               10.0              16.0                    270.0        87.0 1699.0
                    Olympus D-300L          1996          1024.0           512.0               0.0           36.0           36.0                50.0               20.0               6.0                    320.0       145.0 1699.0
                    Olympus D-340L          1998          1280.0           640.0               1.0           36.0           36.0                70.0               10.0               4.0                    320.0       128.0 1699.0
                    Olympus D-340R          1999          1280.0           640.0               1.0           36.0           36.0                70.0               10.0               8.0                    320.0       128.0 1699.0
                    Olympus D-360L          2000          1280.0           640.0               1.0           36.0           36.0                50.0               10.0               8.0                    280.0       128.0 1699.0
                     Olympus D-390          2003          1600.0          1024.0               1.0           35.0           35.0                50.0               20.0              16.0                    230.0       108.0 1699.0
                     Olympus D-395          2004          2048.0          1024.0               3.0           33.0           33.0                50.0               20.0              16.0                    210.0       110.0 1699.0
                     Olympus D-425          2005          2288.0          1600.0               3.0           37.0           37.0                50.0               20.0              14.0                    170.0       101.0 1699.0
                     Olympus D-435          2005          2592.0          1600.0               5.0           36.0           35.0                50.0               20.0               0.0                    140.0       101.0 1699.0
                    Olympus D-600L          1997          1280.0           640.0               1.0           36.0          110.0                60.0               30.0               4.0                      0.0       115.0 1699.0
                    Olympus D-620L          1998          1280.0           640.0               1.0           36.0          110.0                60.0               30.0               8.0                    520.0       115.0 1699.0
                       Olympus E-1          2003          2560.0          1600.0               4.0            0.0            0.0                 0.0                0.0               0.0                    735.0       141.0 1699.0
                      Olympus E-10          2000          2240.0          1600.0               3.0           35.0          140.0                60.0               20.0               0.0                   1190.0       129.0 1699.0
                      Olympus E-20          2001          2560.0          1792.0               4.0           35.0          140.0                60.0               20.0              16.0                   1190.0       129.0 1699.0
                       Olympus E-3          2007          3648.0          3200.0              10.0            0.0            0.0                 0.0                0.0               0.0                    800.0       142.0 1699.0
                     Olympus E-300          2004          3264.0          3200.0               8.0            0.0            0.0                 0.0                0.0               0.0                    624.0       147.0 1699.0
                     Olympus E-330          2006          3136.0          2560.0               7.0            0.0            0.0                 0.0                0.0               0.0                    616.0       140.0 1699.0
                     Olympus E-400          2006          3648.0          3200.0              10.0            0.0            0.0                 0.0                0.0               0.0                    435.0       130.0 1699.0
                     Olympus E-410          2007          3648.0          3200.0              10.0            0.0            0.0                 0.0                0.0               0.0                    435.0       130.0 1699.0
                     Olympus E-500          2005          3264.0          3200.0               8.0            0.0            0.0                 0.0                0.0               0.0                    479.0       130.0 1699.0
                     Olympus E-510          2007          3648.0          3200.0              10.0            0.0            0.0                 0.0                0.0               0.0                    490.0       136.0 1699.0
            Panasonic Lumix DMC-F7          2001          1600.0           800.0               1.0           35.0           70.0                50.0               10.0               8.0                    200.0       104.0 1499.0
          Panasonic Lumix DMC-FX01          2006          2816.0          2048.0               6.0           28.0          102.0                50.0                5.0              16.0                    155.0        94.0 1499.0
          Panasonic Lumix DMC-FX07          2006          3072.0          2560.0               7.0           28.0          102.0                50.0                5.0               0.0                    170.0        94.0 1499.0
           Panasonic Lumix DMC-FX1          2003          2048.0          1600.0               3.0           35.0          105.0                50.0               10.0              16.0                    185.0         0.0 1499.0
          Panasonic Lumix DMC-FX10          2007          2816.0          2048.0               6.0           35.0          105.0                50.0                5.0              27.0                    155.0        94.0 1499.0
         Panasonic Lumix DMC-FX100          2007          4000.0          3264.0              12.0           28.0          100.0                50.0                5.0              27.0                    150.0        54.0 1499.0
          Panasonic Lumix DMC-FX12          2007          3072.0          2560.0               7.0           35.0          105.0                50.0                5.0              27.0                    155.0        94.0 1499.0
           Panasonic Lumix DMC-FX2          2004          2304.0          1600.0               4.0           35.0          105.0                50.0                5.0              16.0                    148.0        94.0 1499.0
           Panasonic Lumix DMC-FX5          2003          2304.0          1600.0               4.0           35.0          105.0                50.0               10.0              16.0                    185.0         0.0 1499.0
          Panasonic Lumix DMC-FX50          2006          3072.0          2560.0               7.0           28.0          102.0                50.0                5.0               0.0                    190.0        98.0 1499.0
          Panasonic Lumix DMC-FX55          2007          3264.0          2560.0               8.0           28.0          100.0                50.0                5.0              27.0                    165.0        95.0 1499.0
           Panasonic Lumix DMC-FX7          2004          2560.0          2048.0               4.0           35.0          105.0                50.0                5.0              16.0                    153.0        94.0 1499.0
           Panasonic Lumix DMC-FX8          2005          2560.0          2560.0               5.0           35.0          105.0                50.0                5.0              16.0                    155.0        94.0 1499.0
           Panasonic Lumix DMC-FX9          2005          2816.0          2048.0               6.0           35.0          105.0                50.0                5.0              16.0                    155.0        94.0 1499.0
            Panasonic Lumix DMC-L1          2006          3136.0          2560.0               7.0            0.0            0.0                 0.0                0.0               0.0                    606.0       146.0 1499.0
           Panasonic Lumix DMC-L10          2007          3648.0          2816.0              10.0            0.0            0.0                 0.0                0.0               0.0                    556.0       135.0 1499.0
           Panasonic Lumix DMC-LC1          2004          2560.0          2048.0               4.0           28.0           90.0                30.0               30.0              16.0                    705.0       135.0 1499.0
          Panasonic Lumix DMC-LC20          2002          1600.0          1024.0               1.0           35.0          105.0                50.0               15.0               8.0                    290.0        99.0 1499.0
          Panasonic Lumix DMC-LC33          2003          2048.0          1600.0               3.0           35.0          105.0                50.0               10.0              32.0                    215.0        96.0 1499.0
          Panasonic Lumix DMC-LC40          2002          2240.0          1600.0               3.0           33.0          100.0                30.0                6.0              16.0                    420.0       104.0 1499.0
          Panasonic Lumix DMC-LC43          2003          2304.0          1600.0               4.0           35.0          105.0                50.0               10.0              32.0                    215.0        96.0 1499.0
           Panasonic Lumix DMC-LC5          2001          2240.0          1600.0               3.0           33.0          100.0                30.0                6.0              32.0                    435.0       128.0 1499.0
          Panasonic Lumix DMC-LC50          2004          2048.0          1600.0               3.0           35.0          105.0                50.0               10.0              16.0                    210.0        65.0 1499.0
          Panasonic Lumix DMC-LC70          2004          2304.0          1600.0               4.0           35.0          105.0                50.0               10.0              16.0                    210.0        65.0 1499.0
          Panasonic Lumix DMC-LC80          2004          2560.0          2048.0               4.0           35.0          105.0                50.0               10.0              16.0                    207.0        88.0 1499.0
           Panasonic Lumix DMC-LS1          2005          2304.0          1600.0               4.0           35.0          105.0                50.0                5.0              14.0                    188.0        94.0 1499.0
           Panasonic Lumix DMC-LS2          2006          2560.0          2048.0               5.0           35.0          105.0                50.0                5.0              14.0                    188.0       111.0 1499.0
          Panasonic Lumix DMC-LS75          2007          3072.0          2560.0               7.0           35.0          105.0                50.0                5.0              27.0                    188.0        94.0 1499.0
           Panasonic Lumix DMC-LX1          2005          3840.0          3072.0               8.0           28.0          112.0                50.0                5.0              32.0                    220.0       106.0 1499.0
           Panasonic Lumix DMC-LX2          2006          4224.0          3840.0              10.0           28.0          112.0                50.0                5.0              13.0                    220.0       106.0 1499.0
                     Pentax EI-100          2001          1280.0           640.0               1.0           42.0           42.0                60.0               30.0               8.0                    240.0       105.0  509.0
                     Pentax EI-200          2000          1600.0           800.0               1.0           34.0          108.0                50.0               10.0              16.0                    390.0       128.0  509.0
                    Pentax EI-2000          2000          1600.0           800.0               1.0           34.0          108.0                50.0               10.0              16.0                    630.0       144.0  509.0
                     Pentax *ist D          2003          3008.0          2400.0               6.0            0.0            0.0                 0.0                0.0               0.0                    650.0       129.0  799.0
                    Pentax *ist DL          2005          3008.0          2400.0               6.0            0.0            0.0                 0.0                0.0               0.0                    565.0       125.0  799.0
                   Pentax *ist DL2          2006          3008.0          2400.0               6.0            0.0            0.0                 0.0                0.0               0.0                    565.0       125.0  799.0
                    Pentax *ist DS          2004          3008.0          2400.0               6.0            0.0            0.0                 0.0                0.0               0.0                    605.0       125.0  799.0
                   Pentax *ist DS2          2005          3008.0          2400.0               6.0            0.0            0.0                 0.0                0.0               0.0                    605.0       125.0  799.0
                      Pentax K100D          2006          3008.0          2400.0               6.0            0.0            0.0                 0.0                0.0               0.0                    660.0       129.0  509.0
                Pentax K100D Super          2007          3008.0          2400.0               6.0            0.0            0.0                 0.0                0.0               0.0                    646.0       129.0  509.0
                       Pentax K10D          2006          3872.0          3008.0              10.0            0.0            0.0                 0.0                0.0               0.0                    793.0       142.0  799.0
                      Pentax K110D          2006          3008.0          2400.0               6.0            0.0            0.0                 0.0                0.0               0.0                    585.0       129.0  509.0
                  Ricoh GR Digital          2005          3264.0          2592.0               8.0           28.0           28.0                30.0                2.0              26.0                    200.0       107.0 4999.0
                       Ricoh RDC-7          2000          2048.0          1024.0               3.0           35.0          105.0                24.0                1.0               8.0                    320.0       135.0 1699.0
                    Ricoh RDC-i500          2001          2048.0          1024.0               3.0           35.0          105.0                24.0                1.0               8.0                    320.0       142.0 4999.0
                Sanyo Xacti DSC-S3          2004          2048.0          1600.0               3.0           37.0          112.0                50.0                2.0              16.0                    185.0        91.0 1399.0
                Sanyo Xacti DSC-S4          2004          2288.0          1600.0               3.0           37.0          105.0                50.0                2.0              16.0                    185.0        91.0 1399.0
                         Sigma DP1          2006          2640.0          1776.0               4.0           28.0           28.0                 0.0                0.0               0.0                    270.0       109.0 1599.0
                        Sigma SD10          2003          2268.0          1134.0               3.0            0.0            0.0                 0.0                0.0               0.0                    950.0       152.0 1599.0
                 Sony Mavica FD-91          1998          1024.0           640.0               0.0           37.0          518.0                80.0                3.0               1.0                    950.0       140.0 1399.0
                Sony Mavica CD1000          2000          1600.0          1600.0               1.0           37.0          370.0                80.0                3.0               8.0                    980.0       125.0 1399.0
                 Sony Mavica CD200          2001          1600.0          1024.0               1.0           39.0          117.0                50.0                3.0               8.0                    620.0       144.0 1399.0
                 Sony Mavica CD250          2002          1600.0          1280.0               1.0           41.0          123.0                50.0                3.0               6.0                    610.0       138.0 1399.0
                 Sony Mavica CD300          2001          2048.0          1600.0               3.0           34.0          102.0                50.0                4.0               8.0                    620.0       144.0 1399.0
                 Sony Mavica CD350          2003          2048.0          1632.0               3.0           41.0          123.0                50.0               10.0               1.0                    522.0       132.0 1399.0
                 Sony Mavica CD400          2002          2272.0          1600.0               3.0           34.0          102.0                50.0                4.0               6.0                    640.0       138.0 1399.0
                 Sony Mavica CD500          2003          2592.0          2048.0               5.0           34.0          102.0                50.0                4.0               1.0                    606.0       139.0 1399.0
                    Sony DSLR-A100          2006          3872.0          3896.0              10.0            0.0            0.0                 0.0                0.0               0.0                    638.0       133.0  599.0
                    Sony DSLR-A700          2007          4272.0          3104.0              12.0            0.0            0.0                 0.0                0.0               0.0                    768.0       142.0  599.0
                Sony Mavica FD-100          2002          1280.0          1024.0               1.0           37.0          111.0                 0.0                0.0               1.0                      0.0         0.0 1399.0
                Sony Mavica FD-200          2002          1600.0          1024.0               1.0           37.0          111.0                19.0                3.0               1.0                    520.0       142.0 1399.0
                 Sony Mavica FD-71          1998           640.0           320.0               0.0           40.0          400.0                 1.0                1.0               1.0                    500.0       138.0 1399.0
                 Sony Mavica FD-73          1999           640.0           320.0               0.0           40.0          400.0                 1.0                1.0               1.0                    500.0       138.0 1399.0
                 Sony Mavica FD-75          2001           640.0           320.0               0.0           40.0          400.0                 1.0                1.0               1.0                    580.0       138.0 1399.0
                 Sony Mavica FD-81          1998          1024.0           640.0               0.0           37.0          111.0                 1.0                1.0               1.0                    580.0       140.0 1399.0
                 Sony Mavica FD-83          1999          1024.0           640.0               0.0           37.0          111.0                 1.0                1.0               1.0                    580.0       142.0 1399.0
                 Sony Mavica FD-85          2000          1280.0          1280.0               1.0           37.0          111.0                 1.0                1.0               1.0                      0.0         0.0 1399.0
                 Sony Mavica FD-87          2001          1280.0          1024.0               1.0           39.0          117.0                25.0                3.0               1.0                    630.0       143.0 1399.0
                 Sony Mavica FD-88          1999          1280.0          1024.0               1.0           34.0          270.0                 4.0                4.0               1.0                    600.0       142.0 1399.0
                 Sony Mavica FD-90          2000          1280.0          1280.0               1.0           34.0          270.0                 4.0                4.0               1.0                      0.0         0.0 1399.0
                 Sony Mavica FD-92          2001          1472.0          1280.0               1.0           41.0          328.0                25.0                3.0               1.0                    660.0       126.0 1399.0
                 Sony Mavica FD-95          2000          1600.0          1600.0               1.0           37.0          370.0                80.0                3.0               1.0                    900.0         0.0 1399.0
                 Sony Mavica FD-97          2001          1600.0          1024.0               1.0           39.0          390.0                25.0                2.0               1.0                    990.0       126.0 1399.0
                  Toshiba PDR-4300          2003          2400.0          1200.0               3.0           35.0          100.0                80.0               10.0              16.0                      0.0         0.0  599.0
